2.00e+1,5.703e-1,3.423e+0
2.01e+1,5.649e-1,3.375e+0
2.02e+1,5.596e-1,3.328e+0
2.03e+1,5.544e-1,3.282e+0
2.04e+1,5.493e-1,3.236e+0
2.05e+1,5.442e-1,3.192e+0
2.06e+1,5.393e-1,3.148e+0
2.07e+1,5.343e-1,3.105e+0
2.08e+1,5.295e-1,3.063e+0
2.09e+1,5.248e-1,3.022e+0
2.10e+1,5.201e-1,2.981e+0
2.11e+1,5.154e-1,2.941e+0
2.12e+1,5.109e-1,2.902e+0
2.13e+1,5.064e-1,2.864e+0
2.14e+1,5.019e-1,2.826e+0
2.15e+1,4.976e-1,2.789e+0
2.16e+1,4.933e-1,2.752e+0
2.17e+1,4.890e-1,2.716e+0
2.18e+1,4.846e-1,2.681e+0
2.19e+1,4.803e-1,2.647e+0
2.20e+1,4.760e-1,2.609e+0
2.21e+1,4.724e-1,2.577e+0
2.22e+1,4.689e-1,2.546e+0
2.23e+1,4.654e-1,2.515e+0
2.24e+1,4.619e-1,2.484e+0
2.25e+1,4.585e-1,2.454e+0
2.26e+1,4.551e-1,2.425e+0
2.27e+1,4.518e-1,2.395e+0
2.28e+1,4.485e-1,2.367e+0
2.29e+1,4.453e-1,2.339e+0
2.30e+1,4.421e-1,2.311e+0
2.31e+1,4.389e-1,2.284e+0
2.32e+1,4.358e-1,2.257e+0
2.33e+1,4.327e-1,2.231e+0
2.34e+1,4.296e-1,2.205e+0
2.35e+1,4.266e-1,2.179e+0
2.36e+1,4.236e-1,2.154e+0
2.37e+1,4.207e-1,2.130e+0
2.38e+1,4.178e-1,2.105e+0
2.39e+1,4.149e-1,2.081e+0
2.40e+1,4.120e-1,2.057e+0
2.41e+1,4.092e-1,2.033e+0
2.42e+1,4.064e-1,2.009e+0
2.43e+1,4.037e-1,1.985e+0
2.44e+1,4.010e-1,1.962e+0
2.45e+1,3.984e-1,1.939e+0
2.46e+1,3.958e-1,1.917e+0
2.47e+1,3.933e-1,1.894e+0
2.48e+1,3.908e-1,1.873e+0
2.49e+1,3.883e-1,1.851e+0
2.50e+1,3.859e-1,1.830e+0
2.51e+1,3.837e-1,1.811e+0
2.52e+1,3.815e-1,1.792e+0
2.53e+1,3.794e-1,1.773e+0
2.54e+1,3.773e-1,1.755e+0
2.55e+1,3.752e-1,1.737e+0
2.56e+1,3.731e-1,1.719e+0
2.57e+1,3.710e-1,1.701e+0
2.58e+1,3.690e-1,1.684e+0
2.59e+1,3.670e-1,1.667e+0
2.60e+1,3.650e-1,1.650e+0
2.61e+1,3.630e-1,1.633e+0
2.62e+1,3.611e-1,1.617e+0
2.63e+1,3.591e-1,1.600e+0
2.64e+1,3.572e-1,1.584e+0
2.65e+1,3.553e-1,1.569e+0
2.66e+1,3.535e-1,1.553e+0
2.67e+1,3.516e-1,1.538e+0
2.68e+1,3.498e-1,1.523e+0
2.69e+1,3.479e-1,1.508e+0
2.70e+1,3.461e-1,1.493e+0
2.71e+1,3.444e-1,1.478e+0
2.72e+1,3.426e-1,1.464e+0
2.73e+1,3.409e-1,1.449e+0
2.74e+1,3.391e-1,1.435e+0
2.75e+1,3.375e-1,1.420e+0
2.76e+1,3.358e-1,1.406e+0
2.77e+1,3.341e-1,1.392e+0
2.78e+1,3.325e-1,1.378e+0
2.79e+1,3.309e-1,1.364e+0
2.80e+1,3.293e-1,1.351e+0
2.81e+1,3.279e-1,1.338e+0
2.82e+1,3.265e-1,1.326e+0
2.83e+1,3.251e-1,1.314e+0
2.84e+1,3.238e-1,1.302e+0
2.85e+1,3.224e-1,1.291e+0
2.86e+1,3.211e-1,1.279e+0
2.87e+1,3.198e-1,1.268e+0
2.88e+1,3.184e-1,1.256e+0
2.89e+1,3.171e-1,1.245e+0
2.90e+1,3.159e-1,1.234e+0
2.91e+1,3.146e-1,1.223e+0
2.92e+1,3.133e-1,1.213e+0
2.93e+1,3.120e-1,1.202e+0
2.94e+1,3.108e-1,1.191e+0
2.95e+1,3.096e-1,1.181e+0
2.96e+1,3.083e-1,1.171e+0
2.97e+1,3.071e-1,1.161e+0
2.98e+1,3.059e-1,1.151e+0
2.99e+1,3.047e-1,1.141e+0
3.00e+1,3.036e-1,1.131e+0
3.01e+1,3.025e-1,1.121e+0
3.02e+1,3.013e-1,1.111e+0
3.03e+1,3.002e-1,1.102e+0
3.04e+1,2.991e-1,1.093e+0
3.05e+1,2.981e-1,1.084e+0
3.06e+1,2.970e-1,1.075e+0
3.07e+1,2.959e-1,1.066e+0
3.08e+1,2.948e-1,1.057e+0
3.09e+1,2.938e-1,1.048e+0
3.10e+1,2.927e-1,1.040e+0
3.11e+1,2.917e-1,1.031e+0
3.12e+1,2.907e-1,1.023e+0
3.13e+1,2.896e-1,1.014e+0
3.14e+1,2.886e-1,1.006e+0
3.15e+1,2.877e-1,9.978e-1
3.16e+1,2.867e-1,9.897e-1
3.17e+1,2.857e-1,9.818e-1
3.18e+1,2.847e-1,9.739e-1
3.19e+1,2.838e-1,9.661e-1
3.20e+1,2.828e-1,9.581e-1
3.21e+1,2.819e-1,9.508e-1
3.22e+1,2.811e-1,9.436e-1
3.23e+1,2.803e-1,9.365e-1
3.24e+1,2.794e-1,9.294e-1
3.25e+1,2.786e-1,9.224e-1
3.26e+1,2.778e-1,9.155e-1
3.27e+1,2.770e-1,9.086e-1
3.28e+1,2.762e-1,9.019e-1
3.29e+1,2.754e-1,8.952e-1
3.30e+1,2.746e-1,8.885e-1
3.31e+1,2.738e-1,8.820e-1
3.32e+1,2.731e-1,8.755e-1
3.33e+1,2.723e-1,8.690e-1
3.34e+1,2.715e-1,8.627e-1
3.35e+1,2.707e-1,8.564e-1
3.36e+1,2.700e-1,8.501e-1
3.37e+1,2.692e-1,8.440e-1
3.38e+1,2.685e-1,8.379e-1
3.39e+1,2.677e-1,8.318e-1
3.40e+1,2.670e-1,8.258e-1
3.41e+1,2.662e-1,8.199e-1
3.42e+1,2.655e-1,8.141e-1
3.43e+1,2.648e-1,8.083e-1
3.44e+1,2.641e-1,8.025e-1
3.45e+1,2.633e-1,7.968e-1
3.46e+1,2.626e-1,7.912e-1
3.47e+1,2.619e-1,7.856e-1
3.48e+1,2.612e-1,7.801e-1
3.49e+1,2.605e-1,7.746e-1
3.50e+1,2.598e-1,7.692e-1
3.51e+1,2.592e-1,7.641e-1
3.52e+1,2.586e-1,7.590e-1
3.53e+1,2.580e-1,7.540e-1
3.54e+1,2.575e-1,7.491e-1
3.55e+1,2.569e-1,7.442e-1
3.56e+1,2.563e-1,7.393e-1
3.57e+1,2.557e-1,7.345e-1
3.58e+1,2.552e-1,7.297e-1
3.59e+1,2.546e-1,7.249e-1
3.60e+1,2.540e-1,7.202e-1
3.61e+1,2.535e-1,7.156e-1
3.62e+1,2.529e-1,7.110e-1
3.63e+1,2.523e-1,7.064e-1
3.64e+1,2.518e-1,7.019e-1
3.65e+1,2.512e-1,6.974e-1
3.66e+1,2.507e-1,6.930e-1
3.67e+1,2.501e-1,6.886e-1
3.68e+1,2.496e-1,6.842e-1
3.69e+1,2.491e-1,6.799e-1
3.70e+1,2.485e-1,6.756e-1
3.71e+1,2.480e-1,6.714e-1
3.72e+1,2.475e-1,6.672e-1
3.73e+1,2.469e-1,6.630e-1
3.74e+1,2.464e-1,6.589e-1
3.75e+1,2.459e-1,6.549e-1
3.76e+1,2.454e-1,6.511e-1
3.77e+1,2.449e-1,6.472e-1
3.78e+1,2.445e-1,6.434e-1
3.79e+1,2.440e-1,6.397e-1
3.80e+1,2.435e-1,6.359e-1
3.81e+1,2.430e-1,6.322e-1
3.82e+1,2.425e-1,6.286e-1
3.83e+1,2.421e-1,6.249e-1
3.84e+1,2.416e-1,6.213e-1
3.85e+1,2.411e-1,6.177e-1
3.86e+1,2.407e-1,6.142e-1
3.87e+1,2.402e-1,6.107e-1
3.88e+1,2.397e-1,6.072e-1
3.89e+1,2.393e-1,6.037e-1
3.90e+1,2.388e-1,6.003e-1
3.91e+1,2.384e-1,5.969e-1
3.92e+1,2.380e-1,5.935e-1
3.93e+1,2.375e-1,5.902e-1
3.94e+1,2.371e-1,5.868e-1
3.95e+1,2.366e-1,5.835e-1
3.96e+1,2.362e-1,5.803e-1
3.97e+1,2.358e-1,5.770e-1
3.98e+1,2.353e-1,5.738e-1
3.99e+1,2.349e-1,5.706e-1
4.00e+1,2.345e-1,5.675e-1
